time_seconds solved_percent
0.01 0.000000
0.02 0.186916
0.021 0.373832
0.022 0.560748
0.023 1.308411
0.024 2.242991
0.025 2.616822
0.026 3.177570
0.027 3.738318
0.028 4.485981
0.029 4.859813
0.03 5.981308
0.031 6.915888
0.032 7.663551
0.033 7.850467
0.034 8.785047
0.036 9.532710
0.037 9.719626
0.038 10.467290
0.039 11.028037
0.04 11.214953
0.041 11.588785
0.043 11.775701
0.044 12.149533
0.045 13.271028
0.046 13.644860
0.047 13.831776
0.048 14.392523
0.049 14.579439
0.05 15.514019
0.051 15.887850
0.052 16.261682
0.053 16.448598
0.054 16.635514
0.055 17.383178
0.056 17.943925
0.057 18.691589
0.058 19.065421
0.059 19.439252
0.061 19.813084
0.063 20.000000
0.064 20.186916
0.067 20.560748
0.068 20.934579
0.069 21.121495
0.07 21.495327
0.071 22.056075
0.072 22.242991
0.073 22.803738
0.074 22.990654
0.077 23.551402
0.078 23.925234
0.079 24.299065
0.08 24.485981
0.081 25.233645
0.083 25.420561
0.084 25.794393
0.085 26.168224
0.086 26.542056
0.087 26.728972
0.088 27.102804
0.09 27.289720
0.094 27.476636
0.096 27.663551
0.097 27.850467
0.098 28.785047
0.099 28.971963
0.1 29.532710
0.101 29.719626
0.103 29.906542
0.105 30.654206
0.108 31.214953
0.11 31.401869
0.113 31.588785
0.116 31.775701
0.117 31.962617
0.118 32.149533
0.122 32.336449
0.126 32.523364
0.135 32.710280
0.15 32.897196
0.151 33.084112
0.156 33.644860
0.157 33.831776
0.163 34.018692
0.164 34.205607
0.165 34.579439
0.166 34.766355
0.169 34.953271
0.17 35.140187
0.171 35.327103
0.174 35.514019
0.176 35.700935
0.178 35.887850
0.181 36.074766
0.183 36.261682
0.187 36.448598
0.189 36.635514
0.19 36.822430
0.198 37.009346
0.201 37.196262
0.204 37.383178
0.206 37.570093
0.207 37.757009
0.213 38.130841
0.217 38.317757
0.221 38.504673
0.232 38.691589
0.24 38.878505
0.246 39.065421
0.264 39.252336
0.274 39.439252
0.277 39.626168
0.278 39.813084
0.281 40.000000
0.287 40.186916
0.32 40.373832
0.335 40.560748
0.354 40.747664
0.36 40.934579
0.361 41.308411
0.383 41.495327
0.424 41.682243
0.457 41.869159
0.474 42.056075
0.486 42.242991
0.495 42.429907
0.497 42.616822
0.5 42.803738
0.51 42.990654
0.526 43.177570
0.571 43.364486
0.633 43.551402
0.666 43.738318
0.681 43.925234
0.691 44.112150
0.702 44.299065
0.705 44.485981
0.708 44.672897
0.732 44.859813
0.799 45.046729
0.835 45.233645
0.842 45.420561
0.868 45.607477
0.877 45.794393
0.884 46.168224
0.93 46.355140
0.956 46.542056
1.042 46.728972
1.046 46.915888
1.061 47.102804
1.062 47.289720
1.095 47.476636
1.096 47.663551
1.1 47.850467
1.114 48.037383
1.116 48.224299
1.125 48.411215
1.128 48.598131
1.129 48.785047
1.133 48.971963
1.144 49.158879
1.149 49.345794
1.156 49.532710
1.167 49.719626
1.198 49.906542
1.204 50.093458
1.21 50.280374
1.238 50.467290
1.249 50.654206
1.317 50.841121
1.329 51.028037
1.344 51.214953
1.406 51.401869
1.525 51.588785
1.535 51.775701
1.549 51.962617
1.55 52.149533
1.563 52.336449
1.571 52.523364
1.579 52.710280
1.596 52.897196
1.611 53.084112
1.656 53.271028
1.657 53.457944
1.682 53.644860
1.687 53.831776
1.705 54.018692
1.763 54.205607
1.812 54.392523
1.891 54.579439
1.899 54.766355
1.932 54.953271
2.264 55.140187
2.338 55.327103
2.371 55.514019
2.44 55.700935
2.659 55.887850
2.733 56.074766
2.873 56.261682
2.895 56.448598
2.986 56.635514
2.987 56.822430
3.187 57.009346
3.2 57.196262
3.353 57.383178
3.512 57.570093
3.575 57.757009
3.631 57.943925
3.673 58.130841
3.685 58.317757
3.893 58.504673
3.956 58.691589
4.256 58.878505
4.288 59.065421
4.355 59.252336
4.433 59.439252
5.141 59.626168
5.401 59.813084
5.764 60.000000
5.811 60.186916
5.906 60.373832
6.003 60.560748
6.392 60.747664
6.47 60.934579
6.946 61.121495
9.078 61.308411
10.992 61.495327
11.008 61.682243
11.303 61.869159
13.217 62.056075
13.363 62.242991
13.415 62.429907
13.487 62.616822
14.351 62.803738
14.54 62.990654
14.625 63.177570
15.04 63.364486
15.86 63.551402
15.961 63.738318
15.983 63.925234
16.811 64.112150
16.834 64.299065
17.039 64.485981
17.265 64.672897
17.446 64.859813
17.978 65.046729
18.583 65.233645
18.633 65.420561
18.672 65.607477
18.945 65.794393
19.345 65.981308
19.398 66.168224
19.586 66.355140
19.991 66.542056
20.584 66.728972
20.634 66.915888
20.844 67.102804
20.98 67.289720
21.391 67.476636
21.542 67.663551
22.279 67.850467
23.287 68.037383
23.344 68.224299
23.542 68.411215
23.61 68.598131
23.84 68.785047
24.654 68.971963
24.755 69.158879
24.882 69.345794
25.361 69.532710
26.408 69.719626
26.579 69.906542
27.259 70.093458
28.504 70.280374
29.723 70.467290
30.006 70.654206
30.357 70.841121
31.69 71.028037
33.06 71.214953
33.332 71.401869
34.583 71.588785
35.359 71.775701
36.402 71.962617
37.024 72.149533
38.339 72.336449
39.6 72.523364
40.315 72.710280
41.701 72.897196
41.929 73.084112
42.804 73.271028
42.829 73.457944
43.256 73.644860
44.543 73.831776
47.285 74.018692
49.42 74.205607
49.744 74.392523
50.479 74.579439
51.02 74.766355
52.39 74.953271
58.88 75.140187
59.433 75.327103
62.928 75.514019
67.759 75.700935
69.48 75.887850
74.133 76.074766
79.612 76.261682
86.871 76.448598
108.511 76.635514
126.781 76.822430
127.496 77.009346
128.517 77.196262
130.336 77.383178
130.397 77.570093
130.537 77.757009
132.618 77.943925
133.893 78.130841
135.121 78.317757
137.374 78.504673
143.863 78.691589
145.192 78.878505
179.59 79.065421
183.218 79.252336
194.512 79.439252
222.617 79.626168
328.465 79.813084
429.477 80.000000
441.253 80.186916
481.945 80.373832
494.954 80.560748
538.925 80.747664
600 80.747664
